  -0.0860761  -0.0199897  -0.0479860
   0.0857939  -0.0200093  -0.0480310
   0.0000083   0.0868110  -0.0399830
  -0.0294367   0.0839171  -0.0069900
   0.0001123   0.0882470  -0.0017130
   0.0298723   0.0848959  -0.0070800
  -0.0489708   0.0640872  -0.0476830
  -0.0548397   0.0685722  -0.0105900
  -0.0454307   0.0728622   0.0059780
  -0.0337007   0.0768371   0.0212270
  -0.0184717   0.0799041   0.0327520
   0.0002313   0.0807710   0.0354170
   0.0198203   0.0803019   0.0327640
   0.0357123   0.0777259   0.0219560
   0.0465843   0.0738078   0.0060340
   0.0557433   0.0696568  -0.0107550
   0.0504352   0.0638698  -0.0480050
  -0.0701019   0.0416523  -0.0499520
  -0.0702629   0.0424743  -0.0114200
  -0.0644658   0.0480353   0.0169210
  -0.0502438   0.0531112   0.0421920
  -0.0274958   0.0569311   0.0603420
   0.0003122   0.0585120   0.0664620
   0.0295142   0.0576019   0.0595400
   0.0518362   0.0543048   0.0408140
   0.0679142   0.0498297   0.0163670
   0.0730431   0.0444217  -0.0120000
   0.0721141   0.0420667  -0.0504520
  -0.0840759   0.0145673  -0.0504290
  -0.0807750   0.0141203  -0.0111350
  -0.0772149   0.0186433   0.0244600
  -0.0601819   0.0227162   0.0555440
  -0.0340619   0.0260111   0.0799870
   0.0003761   0.0273900   0.0886680
   0.0347841   0.0264379   0.0788080
   0.0622931   0.0237228   0.0556300
   0.0795341   0.0199357   0.0244380
   0.0818151   0.0154167  -0.0113300
   0.0841131   0.0143647  -0.0505380
  -0.0858941  -0.0158287  -0.0482830
  -0.0841611  -0.0160187  -0.0093460
  -0.0802801  -0.0137597   0.0291600
  -0.0653581  -0.0116317   0.0643580
  -0.0361580  -0.0099839   0.0897520
   0.0004009  -0.0091670   0.1002440
   0.0376720  -0.0096241   0.0884120
   0.0671179  -0.0109003   0.0635800
   0.0834559  -0.0127763   0.0292080
   0.0850799  -0.0150203  -0.0094900
   0.0855599  -0.0163613  -0.0482710
  -0.0856192  -0.0465147  -0.0457070
  -0.0848302  -0.0460217  -0.0070560
  -0.0795922  -0.0465507   0.0309490
  -0.0635562  -0.0470088   0.0656240
  -0.0355131  -0.0472919   0.0913150
   0.0003858  -0.0473180   0.0994320
   0.0383838  -0.0470731   0.0906950
   0.0666118  -0.0466372   0.0655800
   0.0833218  -0.0461013   0.0312060
   0.0855488  -0.0455453  -0.0071300
   0.0861618  -0.0470353  -0.0458690
  -0.0730093  -0.0737657  -0.0409980
  -0.0724343  -0.0734527  -0.0024870
  -0.0672723  -0.0762907   0.0283820
  -0.0530073  -0.0787878   0.0559400
  -0.0286203  -0.0805249   0.0754360
   0.0003247  -0.0811150   0.0826150
   0.0319197  -0.0804871   0.0767160
   0.0556667  -0.0785602   0.0565610
   0.0678877  -0.0759043   0.0280910
   0.0730557  -0.0730683  -0.0025400
   0.0738947  -0.0743903  -0.0412200
  -0.0549104  -0.0980448  -0.0354650
  -0.0548404  -0.0975279   0.0027920
  -0.0484244  -0.0993408   0.0215990
  -0.0365114  -0.1008529   0.0371670
  -0.0189724  -0.1017680   0.0465360
   0.0002156  -0.1021780   0.0506080
   0.0198776  -0.1017930   0.0463930
   0.0367816  -0.1008491   0.0363970
   0.0498196  -0.0994461   0.0217270
   0.0556666  -0.0976251   0.0027300
   0.0549876  -0.0980911  -0.0355410
  -0.0294134  -0.1124490   0.0088390
   0.0001076  -0.1148920   0.0146570
   0.0298426  -0.1121560   0.0088000
  -0.0298184  -0.1145700  -0.0292160
   0.0000045  -0.1185650  -0.0230780
   0.0297416  -0.1142600  -0.0292560
  -0.0432897   0.0758552  -0.0282440
  -0.0385517   0.0799532  -0.0049950
  -0.0279857   0.0824591   0.0027020
  -0.0171947   0.0848491   0.0100270
  -0.0059317   0.0868780   0.0162000
   0.0071053   0.0870740   0.0164690
   0.0189233   0.0855969   0.0114430
   0.0286443   0.0829759   0.0028280
   0.0393203   0.0806868  -0.0047250
   0.0438223   0.0765418  -0.0283070
  -0.0632538   0.0538573  -0.0303160
  -0.0613508   0.0587992   0.0008970
  -0.0507998   0.0640412   0.0230890
  -0.0343157   0.0683931   0.0411880
  -0.0114357   0.0707561   0.0503480
   0.0134793   0.0712010   0.0511750
   0.0361833   0.0691509   0.0412540
   0.0523972   0.0650708   0.0228620
   0.0629152   0.0600448   0.0006300
   0.0643342   0.0545998  -0.0304440
  -0.0790669   0.0280813  -0.0312530
  -0.0744999   0.0313003   0.0048460
  -0.0652379   0.0364282   0.0361440
  -0.0444098   0.0407622   0.0616900
  -0.0154238   0.0436600   0.0776820
   0.0175922   0.0440540   0.0777880
   0.0458532   0.0416228   0.0606470
   0.0671281   0.0377998   0.0352960
   0.0780531   0.0329817   0.0044830
   0.0800971   0.0285137  -0.0313380
  -0.0841250  -0.0018467  -0.0297940
  -0.0823550   0.0008263   0.0085790
  -0.0746920   0.0043033   0.0453070
  -0.0510509   0.0071772   0.0743770
  -0.0182190   0.0090941   0.0925290
   0.0187870   0.0092479   0.0915620
   0.0518851   0.0077978   0.0735070
   0.0770020   0.0053357   0.0453500
   0.0838880   0.0019457   0.0085010
   0.0841230  -0.0018083  -0.0296380
  -0.0869731  -0.0322157  -0.0278480
  -0.0855651  -0.0306287   0.0111530
  -0.0764071  -0.0297307   0.0492170
  -0.0529281  -0.0289058   0.0803040
  -0.0183541  -0.0283219   0.0982200
   0.0202199  -0.0281481   0.0981720
   0.0551139  -0.0283862   0.0804740
   0.0790059  -0.0289863   0.0496280
   0.0859999  -0.0298203   0.0112480
   0.0886249  -0.0322723  -0.0280000
  -0.0781602  -0.0607567  -0.0238240
  -0.0766802  -0.0608317   0.0128800
  -0.0681152  -0.0629747   0.0472520
  -0.0469142  -0.0646908   0.0752960
  -0.0158202  -0.0655999   0.0911640
   0.0194198  -0.0655950   0.0924050
   0.0506738  -0.0644822   0.0761300
   0.0710958  -0.0626243   0.0473280
   0.0785198  -0.0604323   0.0129020
   0.0789027  -0.0609553  -0.0238050
  -0.0645973  -0.0876558  -0.0190140
  -0.0629593  -0.0875028   0.0129520
  -0.0540103  -0.0898988   0.0373320
  -0.0358874  -0.0916669   0.0555040
  -0.0120474  -0.0926069   0.0655080
   0.0139226  -0.0926940   0.0669580
   0.0377986  -0.0916291   0.0567330
   0.0546087  -0.0896402   0.0370350
   0.0631117  -0.0872282   0.0128560
   0.0650137  -0.0878062  -0.0189520
  -0.0428624  -0.1080730  -0.0131510
  -0.0401204  -0.1071290   0.0120610
  -0.0319514  -0.1082520   0.0230470
  -0.0198624  -0.1089420   0.0297600
  -0.0069194  -0.1092600   0.0327100
   0.0068036  -0.1091630   0.0315820
   0.0202936  -0.1089140   0.0289440
   0.0321756  -0.1082520   0.0222550
   0.0410976  -0.1072450   0.0121380
   0.0438946  -0.1091270  -0.0131700
  -0.0148504  -0.1179870  -0.0069200
   0.0150946  -0.1180180  -0.0069330
  -0.0148107   0.0872351  -0.0044770
   0.0151623   0.0880910  -0.0045510
  -0.0548298   0.0664132  -0.0297040
  -0.0511757   0.0708362  -0.0017550
  -0.0396407   0.0748671   0.0136780
  -0.0272187   0.0787091   0.0283750
  -0.0091977   0.0806051   0.0351330
   0.0104823   0.0808650   0.0353590
   0.0285803   0.0793029   0.0284700
   0.0409403   0.0757399   0.0138600
   0.0520293   0.0718468  -0.0019200
   0.0557542   0.0671698  -0.0298240
  -0.0715079   0.0411193  -0.0308540
  -0.0685558   0.0452843   0.0030020
  -0.0584878   0.0506722   0.0301920
  -0.0399798   0.0552601   0.0526000
  -0.0133838   0.0579021   0.0643320
   0.0158342   0.0584559   0.0649920
   0.0417942   0.0562259   0.0514990
   0.0600522   0.0520858   0.0287080
   0.0719592   0.0471917   0.0024750
   0.0727981   0.0418218  -0.0310260
  -0.0829559   0.0133203  -0.0308080
  -0.0801139   0.0163903   0.0068500
  -0.0712099   0.0208203   0.0413240
  -0.0485119   0.0245292   0.0691360
  -0.0173439   0.0270241   0.0869230
   0.0184181   0.0272709   0.0864370
   0.0495481   0.0252378   0.0684300
   0.0732191   0.0220067   0.0412970
   0.0815801   0.0176837   0.0065640
   0.0833711   0.0135477  -0.0307490
  -0.0851321  -0.0170557  -0.0287310
  -0.0829461  -0.0148827   0.0100090
  -0.0752941  -0.0126397   0.0479040
  -0.0515811  -0.0107548   0.0780350
  -0.0182790  -0.0094319   0.0973560
   0.0196780  -0.0093041   0.0957060
   0.0538059  -0.0101442   0.0777300
   0.0781249  -0.0117353   0.0478400
   0.0851369  -0.0139063   0.0098900
   0.0860999  -0.0170883  -0.0287560
  -0.0848102  -0.0472457  -0.0262200
  -0.0827042  -0.0462977   0.0119740
  -0.0733012  -0.0467917   0.0491090
  -0.0510492  -0.0471758   0.0800160
  -0.0173542  -0.0473419   0.0974100
   0.0206798  -0.0472321   0.0980720
   0.0539968  -0.0468902   0.0800770
   0.0765498  -0.0463733   0.0491400
   0.0851998  -0.0458073   0.0121020
   0.0854428  -0.0472213  -0.0261760
  -0.0721773  -0.0746277  -0.0215360
  -0.0701133  -0.0748677   0.0129990
  -0.0617283  -0.0776238   0.0430280
  -0.0416733  -0.0797528   0.0667150
  -0.0139613  -0.0810029   0.0810030
   0.0172977  -0.0809810   0.0816410
   0.0447477  -0.0796111   0.0676550
   0.0636267  -0.0773022   0.0431190
   0.0721037  -0.0744993   0.0130250
   0.0732817  -0.0750773  -0.0215760
  -0.0547754  -0.0989768  -0.0161930
  -0.0519284  -0.0984438   0.0123040
  -0.0433424  -0.1001629   0.0300090
  -0.0280074  -0.1013610   0.0423790
  -0.0095034  -0.1020600   0.0494180
   0.0102356  -0.1020290   0.0489420
   0.0286476  -0.1013901   0.0421380
   0.0442206  -0.1002191   0.0298080
   0.0528386  -0.0985360   0.0122500
   0.0558596  -0.0998940  -0.0162080
  -0.0148054  -0.1151000   0.0118290
   0.0151456  -0.1151910   0.0118330
  -0.0151584  -0.1182420  -0.0260480
   0.0151286  -0.1181510  -0.0260810
  -0.0361247   0.0723801  -0.0458520
  -0.0435117   0.0785802  -0.0092400
  -0.0332847   0.0812071  -0.0011400
  -0.0223517   0.0835621   0.0060710
  -0.0122417   0.0861941   0.0141880
   0.0001703   0.0873220   0.0174420
   0.0136223   0.0867579   0.0153020
   0.0241013   0.0843769   0.0074330
   0.0339133   0.0818119  -0.0010350
   0.0439483   0.0792958  -0.0093000
   0.0377123   0.0721679  -0.0461970
  -0.0593398   0.0526802  -0.0487700
  -0.0632618   0.0559922  -0.0111730
  -0.0558198   0.0613962   0.0118840
  -0.0433817   0.0663672   0.0328110
  -0.0235817   0.0699171   0.0472930
   0.0002763   0.0712800   0.0520920
   0.0255583   0.0705559   0.0478270
   0.0451522   0.0672748   0.0327310
   0.0580002   0.0625998   0.0119000
   0.0646732   0.0572738  -0.0114600
   0.0606012   0.0522668  -0.0490380
  -0.0784839   0.0287703  -0.0505220
  -0.0766149   0.0286533  -0.0115080
  -0.0715059   0.0339263   0.0209930
  -0.0559399   0.0387162   0.0497880
  -0.0306548   0.0424151   0.0710400
   0.0003512   0.0440740   0.0791410
   0.0326451   0.0431009   0.0707950
   0.0575042   0.0398518   0.0488110
   0.0742501   0.0354997   0.0203800
   0.0790341   0.0303437  -0.0119970
   0.0799201   0.0289417  -0.0509140
  -0.0873620  -0.0005147  -0.0498370
  -0.0826680  -0.0009417  -0.0102840
  -0.0801330   0.0025853   0.0273120
  -0.0641610   0.0058313   0.0608850
  -0.0357490   0.0083091   0.0854590
   0.0003911   0.0095080   0.0955600
   0.0360700   0.0086519   0.0838320
   0.0651640   0.0066198   0.0600520
   0.0815440   0.0036637   0.0272010
   0.0831680   0.0001817  -0.0103640
   0.0853930  -0.0009523  -0.0495200
  -0.0866321  -0.0312377  -0.0471780
  -0.0859331  -0.0310927  -0.0084740
  -0.0815431  -0.0301727   0.0302730
  -0.0661281  -0.0292957   0.0658980
  -0.0369301  -0.0285699   0.0917340
   0.0003959  -0.0281630   0.1012690
   0.0385399  -0.0282251   0.0909760
   0.0688539  -0.0286403   0.0664100
   0.0845529  -0.0293783   0.0308780
   0.0859999  -0.0302803  -0.0084350
   0.0867619  -0.0317313  -0.0472530
  -0.0807152  -0.0606457  -0.0435940
  -0.0785992  -0.0597237  -0.0047580
  -0.0736642  -0.0619227   0.0303800
  -0.0594112  -0.0639248   0.0626720
  -0.0327283  -0.0653199   0.0859440
   0.0003658  -0.0657500   0.0940580
   0.0358918  -0.0651381   0.0859800
   0.0622558  -0.0636152   0.0627190
   0.0766708  -0.0615483   0.0305430
   0.0793188  -0.0593033  -0.0048400
   0.0815598  -0.0612153  -0.0438000
  -0.0645703  -0.0864318  -0.0383240
  -0.0645833  -0.0862218   0.0000330
  -0.0587123  -0.0887048   0.0251930
  -0.0461603  -0.0908878   0.0474460
  -0.0246483  -0.0922919   0.0620760
   0.0002727  -0.0927580   0.0673420
   0.0264367  -0.0922951   0.0631990
   0.0471437  -0.0907122   0.0476780
   0.0608127  -0.0885042   0.0256620
   0.0651517  -0.0859432  -0.0000090
   0.0650377  -0.0867182  -0.0384480
  -0.0431284  -0.1075160  -0.0323870
  -0.0429764  -0.1064930   0.0057730
  -0.0362344  -0.1077160   0.0177500
  -0.0259844  -0.1086160   0.0265440
  -0.0136644  -0.1092660   0.0328560
   0.0001676  -0.1092760   0.0327900
   0.0136506  -0.1091060   0.0309360
   0.0266636  -0.1086680   0.0264150
   0.0377006  -0.1078400   0.0180690
   0.0436696  -0.1065990   0.0057260
   0.0431766  -0.1074440  -0.0324630
  -0.0293914  -0.1145110  -0.0100200
   0.0000525  -0.1193430  -0.0039360
   0.0295526  -0.1136360  -0.0100510
  -0.0841611  -0.0160187  -0.0093460
  -0.0724343  -0.0734527  -0.0024870
   0.0850799  -0.0150203  -0.0094900
   0.0730557  -0.0730683  -0.0025400
  -0.0860761  -0.0449897  -0.0679860
   0.0857939  -0.0450093  -0.0680310
  -0.0860761  -0.0249897  -0.0679860
   0.0857939  -0.0250093  -0.0680310
