  -0.0860761  -0.0199897  -0.0479860
   0.0857939  -0.0200093  -0.0480310
   0.0000083   0.0868110  -0.0399830
  -0.0294367   0.0839171  -0.0069900
   0.0001123   0.0882470  -0.0017130
   0.0298723   0.0848959  -0.0070800
  -0.0489708   0.0640872  -0.0476830
  -0.0548397   0.0685722  -0.0105900
  -0.0454307   0.0728622   0.0059780
  -0.0337007   0.0768371   0.0212270
  -0.0184717   0.0799041   0.0327520
   0.0002313   0.0807710   0.0354170
   0.0198203   0.0803019   0.0327640
   0.0357123   0.0777259   0.0219560
   0.0465843   0.0738078   0.0060340
   0.0557433   0.0696568  -0.0107550
   0.0504352   0.0638698  -0.0480050
  -0.0701019   0.0416523  -0.0499520
  -0.0702629   0.0424743  -0.0114200
  -0.0644658   0.0480353   0.0169210
  -0.0502438   0.0531112   0.0421920
  -0.0274958   0.0569311   0.0603420
   0.0003122   0.0585120   0.0664620
   0.0295142   0.0576019   0.0595400
   0.0518362   0.0543048   0.0408140
   0.0679142   0.0498297   0.0163670
   0.0730431   0.0444217  -0.0120000
   0.0721141   0.0420667  -0.0504520
  -0.0840759   0.0145673  -0.0504290
  -0.0807750   0.0141203  -0.0111350
  -0.0772149   0.0186433   0.0244600
  -0.0601819   0.0227162   0.0555440
  -0.0340619   0.0260111   0.0799870
   0.0003761   0.0273900   0.0886680
   0.0347841   0.0264379   0.0788080
   0.0622931   0.0237228   0.0556300
   0.0795341   0.0199357   0.0244380
   0.0818151   0.0154167  -0.0113300
   0.0841131   0.0143647  -0.0505380
  -0.0858941  -0.0158287  -0.0482830
  -0.0841611  -0.0160187  -0.0093460
  -0.0802801  -0.0137597   0.0291600
  -0.0653581  -0.0116317   0.0643580
  -0.0361580  -0.0099839   0.0897520
   0.0004009  -0.0091670   0.1002440
   0.0376720  -0.0096241   0.0884120
   0.0671179  -0.0109003   0.0635800
   0.0834559  -0.0127763   0.0292080
   0.0850799  -0.0150203  -0.0094900
   0.0855599  -0.0163613  -0.0482710
  -0.0856192  -0.0465147  -0.0457070
  -0.0848302  -0.0460217  -0.0070560
  -0.0795922  -0.0465507   0.0309490
  -0.0635562  -0.0470088   0.0656240
  -0.0355131  -0.0472919   0.0913150
   0.0003858  -0.0473180   0.0994320
   0.0383838  -0.0470731   0.0906950
   0.0666118  -0.0466372   0.0655800
   0.0833218  -0.0461013   0.0312060
   0.0855488  -0.0455453  -0.0071300
   0.0861618  -0.0470353  -0.0458690
  -0.0730093  -0.0737657  -0.0409980
  -0.0724343  -0.0734527  -0.0024870
  -0.0672723  -0.0762907   0.0283820
  -0.0530073  -0.0787878   0.0559400
  -0.0286203  -0.0805249   0.0754360
   0.0003247  -0.0811150   0.0826150
   0.0319197  -0.0804871   0.0767160
   0.0556667  -0.0785602   0.0565610
   0.0678877  -0.0759043   0.0280910
   0.0730557  -0.0730683  -0.0025400
   0.0738947  -0.0743903  -0.0412200
  -0.0549104  -0.0980448  -0.0354650
  -0.0548404  -0.0975279   0.0027920
  -0.0484244  -0.0993408   0.0215990
  -0.0365114  -0.1008529   0.0371670
  -0.0189724  -0.1017680   0.0465360
   0.0002156  -0.1021780   0.0506080
   0.0198776  -0.1017930   0.0463930
   0.0367816  -0.1008491   0.0363970
   0.0498196  -0.0994461   0.0217270
   0.0556666  -0.0976251   0.0027300
   0.0549876  -0.0980911  -0.0355410
  -0.0294134  -0.1124490   0.0088390
   0.0001076  -0.1148920   0.0146570
   0.0298426  -0.1121560   0.0088000
  -0.0298184  -0.1145700  -0.0292160
   0.0000045  -0.1185650  -0.0230780
   0.0297416  -0.1142600  -0.0292560
  -0.0841611  -0.0160187  -0.0093460
  -0.0724343  -0.0734527  -0.0024870
   0.0850799  -0.0150203  -0.0094900
   0.0730557  -0.0730683  -0.0025400
  -0.0860761  -0.0449897  -0.0679860
   0.0857939  -0.0450093  -0.0680310
  -0.0860761  -0.0249897  -0.0679860
   0.0857939  -0.0250093  -0.0680310
